Color (Saturation) Parameters
[0.         0.25       0.5        0.75       1.         1.33352143
 1.77827941 2.37137371 3.16227766 4.21696503 5.62341325 7.49894209]

Contrast Parameters
[0.         0.05       0.20833333 0.36666667 0.525      0.68333333
 0.84166667 1.         1.49534878 2.23606798 3.34370152 5.        ]

Brightness Parameters
[ 0.          0.1         0.14677993  0.21544347  0.31622777  0.46415888
  0.68129207  1.          2.34034732  5.47722558 12.81861019 30.        ]

Brightness (using sqrt space) Parameters
[0.         0.125      0.1767767  0.25       0.35355339 0.5
 0.70710678 1.         1.41421356 2.         2.82842712 4.        ]

Sharpness Parameters
[0, 75, 150, 225, 300, 375, 450, 525, 600, 675, 750, 825]

Gaussian Blur Parameters
[0, 1, 2, 3, 4, 5, 6, 7, 8, 9, 10, 11]

Image Resize Parameters
[1.         0.65793322 0.43287613 0.28480359 0.18738174 0.12328467
 0.08111308 0.05336699 0.03511192 0.0231013  0.01519911 0.01      ]

Gaussian Noise Parameters
[0.         0.01       0.01861646 0.03465724 0.0645195  0.12011244
 0.2236068  0.4162766  0.77495949 1.44269991 2.68579588 5.        ]

Salt and Pepper Noise Parameters
[0.         0.03       0.04259995 0.06049187 0.08589836 0.12197554
 0.17320508 0.24595095 0.34924997 0.49593442 0.70422611 1.        ]

Speckle Noise Parameters
[0.00000000e+00 3.00000000e-02 6.75163770e-02 1.51948705e-01
 3.41967535e-01 7.69613634e-01 1.73205081e+00 3.89805984e+00
 8.77276259e+00 1.97435049e+01 4.44336639e+01 1.00000000e+02]